$ANSIBLE_VAULT;1.1;AES256
63643966646434633932613564613966616636663062393439303833323339643634363736306663
6161363265333966386531653737303832383065323536640a373631376362333733653366396666
61323537366330313063643038616638323832393837373231646330383639386664396638653735
3932346237616266610a303566393864343335386264316135393364383862306661323231626638
32613766346130613866656362323266636333623131323963316239646161616461393535373265
37626338613338656335396533346233336466356238323662663734666137363562663939333339
65326130333962366536643431313730393263306565353033376166646139656535396464333439
32626439616636313838356635616366623237626265646463363662643036313434346162623838
38616334636334346363646662313764616365613866653464333465323536353835663761313366
32613535316535353132643238396438646535616430663134316433643166306137306333373632
35306566323737623633353538613634376462336236646664373835323733373664646461383862
34313138353039323339303039313163306133323562643837643539636534646663373963316233
64643134613531373266653263366137343364623036356137353062643565623633
